1 4
1 9
1 1985
1 2
1 1930
2 1
2 3
2 1985
3 2
3 4166
3 1982
4 1
4 1985
4 5
4 8
4 9
5 4164
5 4143
5 22
5 8
5 4
5 1985
6 26
6 4165
6 12
7 4163
7 1985
7 4166
8 5
8 22
8 10
8 9
8 4
9 1
9 4
9 8
9 10
9 18
9 11
10 9
10 8
10 22
10 20
10 18
11 9
11 18
11 4114
11 4113
11 4151
12 1983
12 14
12 6
13 15
13 4149
13 4141
13 1775
14 4149
14 4142
14 1983
14 12
15 1984
15 4149
15 13
572 4408
572 2099
572 4407
4407 572
4407 2099
4407 4409
2099 572
2099 4407
2099 4408
2099 4409
2099 2100
4409 4407
4409 2099
4409 2100
4408 572
4408 2099
4408 2100
2100 4408
2100 2099
2100 4409
2100 536
4410 537
4410 2101
2101 4410
2101 537
2101 4412
2101 536
537 535
537 4412
537 2101
537 4410
535 534
535 538
535 4412
535 537
4412 536
4412 2101
4412 537
4412 535
4412 538
4412 2085
536 2101
536 4412
536 2085
536 2026
2026 536
2026 2085
2026 4415
2026 4416
4415 2026
4415 4416
1780 1080
1780 1073
1780 1072
1072 1780
1072 1073
2445 1073
2445 1069
2445 1070
2445 2430
2430 2445
2430 1070
2430 1067
2430 2431
2431 2430
2431 1067
2431 1061
2431 2436
2431 1059
2436 2431
2436 1059
2436 1054
2436 2437
2437 2436
2437 1054
2437 1045
1045 2437
1045 1054
1045 2435
1045 1051
1045 1046
1045 2438
2438 1045
2438 1046
2438 1043
2438 1042
1042 2438
1042 1043
1042 1040
1042 1039
1039 1042
1039 1040
1039 2439
2439 1039
2439 1040
2439 1041
2439 1036
1036 2439
1036 1041
1036 1037
1037 1036
1037 1041
1037 1035
1037 1038
1038 1037
1038 1035
1038 2440
2440 1038
2440 1035
1035 1041
1035 1037
1035 1038
1035 2440
1035 1034
1034 1035
1041 1044
1041 1040
1041 2439
1041 1036
1041 1037
1041 1035
1044 1043
1044 1040
1044 1041
1040 1043
1040 1042
1040 1039
1040 2439
1040 1041
1040 1044
1043 1047
1043 1046
1043 2438
1043 1042
1043 1040
1043 1044
1047 2103
1047 2102
1047 1052
1047 1046
1047 1043
1046 1052
1046 1051
1046 1045
1046 2438
1046 1043
1046 1047
1052 1047
1052 2102
1052 2446
1052 2435
1052 1051
1052 1046
1051 1052
1051 2435
1051 1045
1051 1046
2435 1052
2435 2446
2435 1055
2435 1054
2435 1045
2435 1051
1054 2435
1054 1055
1054 2442
1054 1059
1054 2436
1054 2437
1054 1045
2103 1048
2103 4659
2103 1049
2103 2102
2103 1047
2102 2103
2102 1049
2102 4662
2102 1053
2102 724
2102 1058
2102 2446
2102 1052
2102 1047
2446 2102
2446 1058
2446 1056
2446 1055
2446 2435
2446 1052
1059 2442
1059 1062
1059 1061
1059 2431
1059 2436
1059 2437
1059 1054
1061 1062
1061 2432
1061 1064
1061 1067
1061 2431
1061 1059
1067 1064
1067 1068
1067 1070
1067 2430
1067 2431
1067 1061
1070 1068
1070 2429
1070 1069
1070 2445
1070 2430
1070 1067
1069 2429
1069 2428
1069 4691
1069 1073
1069 2445
1069 1070
1073 4691
1073 2427
1073 1080
1073 1780
1073 1072
1073 2445
1073 1069
1080 1780
1080 1073
1080 2427
1080 1078
1080 1077
1080 1963
1078 1080
1078 2427
1078 1076
1078 2441
1078 2444
1078 305
1078 1077
2427 1076
2427 1078
2427 1080
2427 1073
2427 4691
2427 1074
2427 1075
206 4554
206 4555
4554 206
4554 4555
4554 4558
4554 208
4554 207
4555 206
4555 4554
4555 4558
4555 231
231 4555
231 4558
231 232
231 4556
4556 231
4556 232
4556 228
4556 1851
1851 4556
1851 228
1851 4787
1851 227
227 1851
227 4787
4787 227
4787 1851
4787 228
4787 4150
4787 229
229 4787
229 4150
229 218
229 4548
229 230
230 229
230 4548
4150 229
4150 4787
4150 228
4150 1747
4150 218
4548 230
4548 229
4548 218
4548 224
218 4548
218 229
218 4150
218 1747
218 225
218 224
224 4548
224 218
224 225
224 4546
224 1749
4558 231
4558 4555
4558 4554
4558 208
4558 4553
4558 232
232 4558
232 4553
232 216
232 228
232 4556
232 231
228 1851
228 4556
228 232
228 216
228 4788
228 1747
228 4150
228 4787
1747 218
1747 4150
1747 228
1747 4788
1747 219
1747 2754
1747 225
225 224
225 218
225 1747
225 2754
225 1748
225 223
225 4546
226 1749
226 4546
226 1751
1749 224
1749 4546
1749 226
4546 226
4546 1749
4546 224
4546 225
4546 223
223 4546
223 225
223 1748
223 222
1748 223
1748 225
1748 2754
1748 4547
1748 222
222 223
222 1748
222 4547
222 221
221 222
221 4547
221 1750
4788 1747
4788 228
4788 216
4788 4551
4788 219
216 4788
216 228
216 232
216 4553
216 215
216 4551
4553 216
4553 232
4553 4558
4553 208
4553 4552
4553 215
208 4553
208 4558
208 4554
208 207
208 4552
207 1745
207 4552
207 208
207 4554
1745 209
1745 1746
1745 4552
1745 207
4552 208
4552 207
4552 1745
4552 1746
4552 4789
4552 215
4552 4553
215 216
215 4553
215 4552
215 4789
215 217
215 4551
4551 216
4551 215
4551 217
4551 219
4551 4788
219 4788
219 4551
219 217
219 2751
219 4547
219 2754
219 1747
2754 219
2754 4547
2754 1748
2754 225
2754 1747
217 219
217 4551
217 215
217 4789
217 2755
217 2751
4789 217
4789 215
4789 4552
4789 1746
4789 2755
1746 4789
1746 4552
1746 1745
1746 209
1746 2989
1746 2755
209 173
209 210
209 2989
209 1746
209 1745
2989 209
2989 210
2989 4557
2989 2755
2989 1746
210 209
210 173
210 211
210 4557
210 2989
211 2987
211 2988
211 214
211 4557
211 210
2987 212
2987 213
2987 2988
2987 211
212 197
212 2987
212 213
213 2987
213 212
213 2988
2988 214
2988 211
2988 2987
2988 4550
2988 213
214 211
214 2988
214 4550
214 2990
214 4557
4557 2989
4557 210
4557 211
4557 214
4557 2990
4557 2755
2755 2989
2755 4557
2755 2990
2755 2751
2755 217
2755 4789
2755 1746
2751 2755
2751 2990
2751 4549
2751 4547
2751 219
2751 217
2990 2755
2990 4557
2990 214
2990 4550
2990 220
2990 4549
2990 2751
4550 214
4550 2988
4550 220
4550 2990
220 4549
220 2990
220 4550
4549 2751
4549 2990
4549 220
4549 1750
4549 4547
4547 2751
4547 4549
4547 1750
4547 221
4547 222
4547 1748
4547 2754
4547 219
1750 221
1750 4547
1750 4549
4378 4118
4118 4378
4118 375
4118 4377
4118 374
375 376
375 4119
375 4379
375 4377
375 4118
376 4119
376 375
4377 4118
4377 375
4377 4379
4377 4120
4377 374
374 4118
374 4377
374 4120
374 373
4120 374
4120 4377
4120 4379
4120 373
4379 4119
4379 372
4379 373
4379 4120
4379 4377
4379 375
4119 4380
4119 372
4119 4379
4119 375
4119 376
4380 372
4380 4119
372 4121
372 373
372 4379
372 4119
372 4380
4121 372
4121 373
4121 249
373 374
373 4120
373 4379
373 372
373 4121
370 371
371 370
369 4110
253 4110
253 4364
4110 369
4110 252
4110 4364
4110 253
4364 253
4364 4110
4364 4363
252 251
252 250
252 4363
252 4110
251 252
251 250
251 248
250 4363
250 252
250 251
250 248
4363 4364
4363 252
4363 250
4363 248
4363 249
249 4363
249 248
249 4361
249 4362
249 4121
248 4361
248 249
248 4363
248 250
248 251
4362 249
4362 4361
4362 247
4361 246
4361 247
4361 4362
4361 249
4361 248
247 4362
247 4361
247 246
247 245
247 244
246 4368
246 245
246 247
246 4361
244 247
244 245
244 4375
245 246
245 4368
245 4785
245 4375
245 244
245 247
4368 4367
4368 4785
4368 245
4368 246
233 4373
4373 4130
4373 4374
4373 233
4130 239
4130 234
4130 4374
4130 4373
4374 4373
4374 4130
4374 234
4371 234
4371 237
4371 236
4371 235
234 4374
234 4130
234 239
234 237
234 4371
235 4371
235 236
236 235
236 4371
236 237
236 4370
236 238
238 236
238 4370
238 1860
1860 238
1860 4370
1860 243
242 4375
242 240
242 4366
242 4369
4369 242
4369 4366
4369 241
4366 4369
4366 242
4366 240
4366 241
241 4369
241 4366
241 240
241 239
239 241
239 240
239 4372
239 237
239 234
239 4130
237 239
237 4372
237 4376
237 4370
237 236
237 4371
237 234
240 242
240 4375
240 4372
240 239
240 241
240 4366
4370 4376
4370 243
4370 1860
4370 238
4370 236
4370 237
4372 237
4372 239
4372 240
4372 4375
4372 1861
4372 4376
4375 244
4375 245
4375 4785
4375 1861
4375 4372
4375 240
4375 242
243 1860
243 4370
243 4376
243 1861
243 4367
4376 1861
4376 243
4376 4370
4376 237
4376 4372
4367 243
4367 1861
4367 4785
4367 4368
4785 4375
4785 245
4785 4367
4785 1861
4785 4368
1861 4375
1861 4785
1861 4367
1861 243
1861 4376
1861 4372
4560 333
333 4560
333 4559
4559 333
2986 4735
2986 127
4735 127
4735 2986
1247 127
127 1247
127 4735
127 2986
4736 125
4736 4737
4737 4736
4737 125
4737 2982
125 4736
125 4737
125 2982
125 124
2982 4737
2982 125
2982 124
124 125
124 2982
124 123
123 2984
123 124
2984 2983
2984 1934
2984 123
122 1934
122 1933
2983 121
2983 4734
2983 1934
2983 2984
1934 2984
1934 2983
1934 4734
1934 1933
1934 122
1933 122
1933 1934
1933 4734
1933 2985
4734 1933
4734 1934
4734 2983
4734 121
4734 4733
4734 2985
121 4732
121 4733
121 4734
121 2983
2985 1933
2985 4734
2985 4733
4733 2985
4733 4734
4733 121
4733 4732
4733 120
4732 118
4732 4731
4732 120
4732 4733
4732 121
118 117
118 2976
118 4731
118 4732
120 4733
120 4732
120 4731
120 119
4731 120
4731 4732
4731 118
4731 2976
4731 119
119 120
119 4731
119 2976
119 2977
2976 119
2976 4731
2976 118
2976 117
2976 2978
2976 2977
117 115
117 116
117 2978
117 2976
117 118
115 2980
115 116
115 117
2980 101
2980 105
2980 106
2980 116
2980 115
2977 119
2977 2976
2977 2978
2977 114
2978 2977
2978 2976
2978 117
2978 116
2978 4730
2978 114
116 2978
116 117
116 115
116 2980
116 106
116 4730
4730 106
4730 113
4730 114
4730 2978
4730 116
114 2977
114 2978
114 4730
114 113
170 169
170 171
169 4385
169 4384
169 171
169 170
171 170
171 169
171 4384
171 172
172 171
172 4384
172 177
172 178
172 4386
4384 4385
4384 177
4384 172
4384 171
4384 169
4385 168
4385 1879
4385 177
4385 4384
4385 169
168 167
168 4388
168 1879
168 4385
167 89
167 182
167 4388
167 168
1879 168
1879 4388
1879 4776
1879 177
1879 4385
177 4385
177 1879
177 4776
177 4389
177 178
177 172
177 4384
4386 172
4386 178
4386 180
4386 4111
173 174
173 175
173 176
173 210
173 209
174 4111
174 4387
174 194
174 4112
174 175
174 173
4111 4386
4111 180
4111 4387
4111 174
178 177
178 4389
178 180
178 4386
178 172
4387 4111
4387 180
4387 4697
4387 195
4387 194
4387 174
194 4387
194 195
194 4112
194 174
176 173
176 175
176 4694
4694 176
4694 175
4694 196
4694 4695
4695 4694
4695 196
4695 2753
4695 197
197 4695
197 2753
197 212
175 174
175 4112
175 196
175 4694
175 176
175 173
196 175
196 4112
196 198
196 2753
196 4695
196 4694
2753 197
2753 4695
2753 196
2753 198
2753 200
4112 194
4112 195
4112 199
4112 198
4112 196
4112 175
4112 174
200 2753
200 198
200 4391
200 202
200 201
198 199
198 4391
198 200
198 2753
198 196
198 4112
4696 201
4696 2991
4696 102
201 200
201 202
201 2991
201 4696
102 4696
102 2991
102 4727
102 1875
102 2992
180 4386
180 178
180 4389
180 179
180 4697
180 4387
180 4111
195 4697
195 199
195 4112
195 194
195 4387
4697 180
4697 179
4697 190
4697 199
4697 195
4697 4387
4389 177
4389 4776
4389 179
4389 180
4389 178
4776 177
4776 1879
4776 4388
4776 184
4776 179
4776 4389
4388 167
4388 182
4388 183
4388 184
4388 4776
4388 1879
4388 168
184 4776
184 4388
184 183
184 185
184 179
199 190
199 4777
199 4391
199 198
199 4112
199 195
199 4697
4391 4777
4391 203
4391 204
4391 202
4391 200
4391 198
4391 199
179 4389
179 4776
179 184
179 185
179 191
179 190
179 4697
179 180
202 4391
202 204
202 2991
202 201
202 200
190 179
190 191
190 1877
190 4777
190 199
190 4697
183 4388
183 182
183 186
183 185
183 184
87 90
87 88
87 89
89 87
89 88
89 182
89 167
182 167
182 89
182 88
182 1743
182 186
182 183
182 4388
185 183
185 186
185 4390
185 4392
185 191
185 179
185 184
191 185
191 4392
191 1877
191 190
191 179
4777 190
4777 1877
4777 203
4777 4391
4777 199
186 182
186 1743
186 181
186 4766
186 187
186 4390
186 185
186 183
2991 204
2991 4727
2991 102
2991 4696
2991 201
2991 202
204 203
204 4719
204 205
204 2991
204 202
204 4391
4727 103
4727 1875
4727 102
4727 2991
1875 4727
1875 103
1875 2981
1875 2992
1875 102
2992 102
2992 1875
2992 2981
2992 101
101 2992
101 2981
101 4728
101 105
101 2980
2981 1875
2981 103
2981 2979
2981 4728
2981 101
2981 2992
105 106
105 2980
105 101
105 4728
105 1862
105 109
104 1862
104 4728
104 2979
104 4740
104 4739
2979 4740
2979 104
2979 4728
2979 2981
2979 103
1862 4739
1862 109
1862 105
1862 4728
1862 104
4728 2979
4728 104
4728 1862
4728 105
4728 101
4728 2981
113 114
113 4730
113 106
113 109
113 4729
2432 1061
2432 1062
2432 2443
2432 1064
112 1774
103 4727
103 1875
103 2981
103 2979
103 205
106 105
106 109
106 113
106 4730
106 2980
106 116
205 204
205 4719
205 4720
205 103
203 4777
203 1877
203 4719
203 204
203 4391
4390 186
4390 187
4390 4392
4390 185
4392 185
4392 4390
4392 187
4392 192
4392 1877
4392 191
1877 190
1877 191
1877 4392
1877 192
1877 4764
1877 4719
1877 203
1877 4777
4769 90
4769 1865
4769 91
4769 1743
4769 88
88 87
88 90
88 4769
88 1743
88 182
88 89
90 1865
90 4769
90 88
90 87
1743 88
1743 4769
1743 91
1743 181
1743 186
1743 182
91 4769
91 1865
91 92
91 1866
91 181
91 1743
1865 96
1865 1744
1865 92
1865 91
1865 4769
1865 90
96 4383
96 95
96 1744
96 1865
181 1743
181 91
181 1866
181 93
181 94
181 4766
181 186
192 4764
192 1877
192 4392
192 187
192 193
4764 1877
4764 192
4764 193
4764 4721
4764 1867
4764 4719
4719 205
4719 204
4719 203
4719 4764
4719 1867
4719 1877
4719 4720
4720 1871
4720 1867
4720 4719
4720 205
109 113
109 106
109 105
109 1862
109 4739
109 107
109 108
109 4729
108 107
108 110
108 1774
108 109
108 4729
4729 113
4729 109
4729 108
4729 1774
1774 110
1774 108
1774 4729
1774 111
1774 112
111 1774
111 4738
111 1769
111 4759
4738 111
4738 1769
4738 130
110 4758
110 107
110 108
110 1774
107 4739
107 109
107 108
107 110
4739 107
4739 109
4739 4740
4739 104
4739 1862
1871 1867
1871 4720
1871 166
1867 1871
1867 4720
1867 4721
1867 4719
1867 4764
4758 73
4758 110
4758 1768
1768 4758
1768 4759
73 1873
73 4710
73 1868
73 65
73 4707
73 4758
1873 4722
1873 1870
1873 4710
1873 73
4722 4740
4722 166
4722 1870
4722 1873
166 1871
166 165
166 1869
166 1870
166 4722
166 4740
4740 166
4740 4722
4740 4739
4740 104
4740 2979
4721 193
4721 165
4721 1867
4721 4764
193 187
193 189
193 1880
193 165
193 4721
193 4764
193 192
187 4390
187 186
187 4766
187 189
187 193
187 192
187 4392
165 4721
165 193
165 1880
165 1869
165 166
1880 193
1880 189
1880 4765
1880 72
1880 1869
1880 165
1870 4712
1870 4710
1870 1873
1870 4722
1870 166
1870 1869
1870 72
1869 1880
1869 72
1869 1870
1869 166
1869 165
72 4765
72 74
72 4713
72 4712
72 1880
72 1869
72 1870
1868 73
1868 4710
1868 68
1868 1872
1868 4711
1868 2955
1868 65
4710 4712
4710 68
4710 1868
4710 73
4710 1873
4710 1870
4712 72
4712 4713
4712 68
4712 1870
4712 4710
4765 189
4765 75
4765 74
4765 72
4765 1880
189 187
189 4766
189 188
189 75
189 4765
189 1880
189 193
4766 181
4766 94
4766 188
4766 189
4766 187
4766 186
4383 97
4383 98
4383 95
4383 96
97 4383
97 98
97 100
98 99
98 4770
98 95
98 4383
98 97
99 4381
99 86
99 2975
99 4770
99 98
4381 100
4381 4382
4381 2973
4381 86
4381 99
100 97
100 4382
100 4381
4382 1931
4382 2973
4382 4381
4382 100
1984 15
1984 4149
1984 4142
4142 1984
4142 4149
4142 14
4149 13
4149 15
4149 1984
4149 4142
4149 14
1983 14
1983 12
4141 13
4141 1775
4141 44
4141 54
1775 45
1775 1857
1775 44
1775 4141
1775 13
44 4141
44 1775
44 1857
44 53
44 54
54 4141
54 44
54 53
54 4771
54 1874
1874 54
1874 4771
1874 2971
1874 55
55 1874
55 2971
55 2973
55 1931
1931 4382
1931 2973
1931 55
74 75
74 4714
74 70
74 4713
74 72
74 4765
92 1865
92 1744
92 91
92 1866
92 2974
94 188
94 80
94 4766
94 181
94 93
94 4768
1866 93
1866 181
1866 91
1866 92
1866 2974
188 189
188 4766
188 94
188 80
188 4767
188 75
75 74
75 4765
75 189
75 188
75 4767
75 4714
75 1761
4767 80
4767 1761
4767 75
4767 188
80 4768
80 1760
80 1761
80 4767
80 188
80 94
93 1866
93 2974
93 1742
93 1878
93 85
93 94
93 181
1744 96
1744 95
1744 2974
1744 92
1744 1865
4768 80
4768 94
4768 93
4768 1878
4768 1742
4768 85
4768 1760
95 4383
95 98
95 4770
95 96
95 1744
95 2974
95 1742
4770 98
4770 99
4770 2975
4770 1742
4770 95
2974 93
2974 1866
2974 92
2974 1744
2974 95
2974 1742
1742 1878
1742 93
1742 2974
1742 95
1742 4770
1742 85
1742 4768
1742 2975
1878 4768
1878 93
1878 1742
2956 2957
2956 1757
2956 267
2956 4709
2956 64
86 69
86 84
86 82
86 2972
86 4775
86 56
86 2973
86 4381
86 99
86 2975
2975 86
2975 69
2975 84
2975 85
2975 99
2975 4770
2975 1742
85 84
85 1760
85 4768
85 2975
85 1742
45 1775
45 1857
45 2996
2996 46
2996 4786
2996 53
2996 1857
2996 45
1857 44
1857 1775
1857 45
1857 2996
1857 53
46 47
46 4749
46 4786
46 2996
47 4745
47 2994
47 4749
47 46
4745 47
2994 47
2994 4749
2994 1858
2994 48
2994 2993
1858 2994
1858 2993
1858 49
1858 4746
2993 4749
2993 2994
2993 1858
2993 49
2993 50
2993 51
4749 51
4749 4786
4749 46
4749 47
4749 2994
4749 2993
50 1759
50 51
50 2993
50 49
50 2969
50 1763
51 4786
51 4749
51 2993
51 50
51 1759
51 4748
4786 2996
4786 53
4786 2964
4786 52
4786 4748
4786 51
4786 4749
4786 46
53 54
53 44
53 1857
53 2996
53 4786
53 2964
53 4771
53 4772
2973 4381
2973 4382
2973 1931
2973 55
2973 2971
2973 56
2973 86
56 2973
56 2971
56 4775
56 86
69 86
69 84
69 2975
84 2975
84 69
84 86
84 82
84 83
84 1760
84 85
1760 85
1760 84
1760 83
1760 78
1760 1761
1760 80
1760 4768
1761 1760
1761 78
1761 77
1761 4714
1761 75
1761 4767
1761 80
4714 1761
4714 77
4714 70
4714 74
4714 75
4713 74
4713 70
4713 1872
4713 68
4713 4712
4713 72
68 4713
68 1872
68 1868
68 4710
68 4712
1872 1868
1872 68
1872 4713
1872 70
1872 4711
70 77
70 4715
70 71
70 4711
70 1872
70 4713
70 74
70 4714
2971 2973
2971 56
2971 4775
2971 1758
2971 55
2971 1874
2971 4771
4775 56
4775 2971
4775 1758
4775 2972
4775 86
4691 1073
4691 1069
4691 2428
4691 1074
4691 2427
2429 1070
2429 1068
2429 2433
2429 2428
2429 1069
1074 2427
1074 4691
1074 2428
1074 1071
1074 4690
1074 1075
2428 1074
2428 4691
2428 1069
2428 2429
2428 2433
2428 1071
1068 2429
1068 1070
1068 1067
1068 1064
1068 2433
1064 1068
1064 1067
1064 1061
1064 2432
1064 2443
1064 1065
1064 480
1064 2433
2433 480
2433 4688
2433 1071
2433 2428
2433 2429
2433 1068
2433 1064
1071 1074
1071 2428
1071 2433
1071 4688
1071 4689
1071 4690
4690 1074
4690 1071
4690 4689
4690 2357
4690 2369
4690 1075
1075 2427
1075 1074
1075 4690
1075 2369
1075 1076
1076 1078
1076 2427
1076 1075
1076 2369
1076 2441
2441 1078
2441 1076
2441 2369
2441 4692
2441 1966
2441 2444
2369 1076
2369 1075
2369 4690
2369 2357
2369 4692
2369 2441
4689 4690
4689 1071
4689 4688
4689 4687
4689 4686
4689 2354
4689 479
4689 2357
2357 2369
2357 4690
2357 4689
2357 479
2357 2359
2357 4692
479 2357
479 4689
479 2354
479 476
479 2359
2354 479
2354 4689
2354 4686
2354 4685
2354 476
4688 4689
4688 1071
4688 2433
4688 480
4688 2434
4688 4687
4687 4689
4687 4688
4687 2434
4687 478
4687 4686
2434 4687
2434 4688
2434 480
2434 1066
2434 4684
2434 2355
2434 478
480 2433
480 1064
480 1065
480 1066
480 2434
480 4688
1065 1064
1065 2443
1065 1063
1065 716
1065 1066
1065 480
2443 1064
2443 2432
2443 1062
2443 1063
2443 1065
1062 2443
1062 2432
1062 1061
1062 1059
1062 2442
1062 1060
1062 1063
2442 1062
2442 1059
2442 1054
2442 1055
2442 1060
1055 2442
1055 1054
1055 2435
1055 2446
1055 1056
1055 1060
4145 4144
4145 24
24 4145
24 23
23 24
23 2752
2752 23
2752 20
20 2752
20 22
20 10
20 21
21 20
21 315
18 10
18 9
18 11
18 4114
4114 18
4114 11
4114 4151
315 21
315 4151
315 1777
4151 315
4151 1777
4151 1776
4151 4152
4151 4113
4151 11
4151 4114
1777 1776
1777 4151
1777 315
4113 11
4113 4151
4113 4152
4113 19
1776 4152
1776 4151
1776 1777
1776 313
1776 309
1776 32
1776 4124
4144 17
4144 4145
17 4144
17 4143
17 22
22 20
22 10
22 8
22 5
22 4143
22 17
1763 1759
1763 50
1763 2969
1763 2966
1763 4778
1763 60
1763 61
1763 59
4257 1955
4257 4256
1955 4257
1955 4256
1955 4122
1955 4258
4256 4257
4256 1955
4256 4122
4256 1755
4256 4129
4122 1958
4122 4258
4122 1955
4122 4256
4122 1755
4122 4262
4122 4259
4258 1955
4258 4122
4258 1958
4258 313
1755 4122
1755 4256
1755 4129
1755 1079
1755 1083
1755 1957
1755 4263
1755 4262
4262 4259
4262 4122
4262 1755
4262 4263
4262 314
4259 1958
4259 4122
4259 4262
4259 314
4259 312
1958 313
1958 4258
1958 4122
1958 4259
1958 312
1958 309
4129 1964
4129 1079
4129 1755
4129 4256
1964 1963
1964 1962
1964 1079
1964 4129
1963 1080
1963 1077
1963 1962
1963 1964
1077 1963
1077 1080
1077 1078
1077 305
1077 1962
1962 305
1962 4266
1962 1079
1962 1964
1962 1963
1962 1077
305 2444
305 475
305 4265
305 1972
305 4266
305 1962
305 1077
305 1078
2444 305
2444 1078
2444 2441
2444 1966
2444 2420
2444 475
4692 1966
4692 2441
4692 2369
4692 2357
4692 2359
4692 2353
1966 2444
1966 2441
1966 4692
1966 2353
1966 2351
1966 472
1966 2420
475 1965
475 4265
475 305
475 2444
475 2420
2420 1965
2420 475
2420 2444
2420 1966
2420 472
2420 2366
472 470
472 2366
472 2420
472 1966
472 2351
472 471
2353 2351
2353 1966
2353 4692
2353 2359
2353 2358
2359 476
2359 2358
2359 2353
2359 4692
2359 2357
2359 479
476 2359
476 479
476 2354
476 4685
476 477
476 2361
476 2358
4686 478
4686 4685
4686 2354
4686 4689
4686 4687
478 2355
478 2360
478 4685
478 4686
478 4687
478 2434
4685 2360
4685 477
4685 476
4685 2354
4685 4686
4685 478
2358 2352
2358 2351
2358 2353
2358 2359
2358 476
2358 2361
2358 456
2352 2351
2352 2358
2352 456
2352 1970
2351 471
2351 472
2351 1966
2351 2353
2351 2358
2351 2352
471 2370
471 443
471 465
471 470
471 472
471 2351
470 471
470 465
470 2367
470 474
470 2366
470 472
1079 1972
1079 1082
1079 1083
1079 1755
1079 4129
1079 1964
1079 1962
1079 4266
4266 1079
4266 1962
4266 305
4266 1972
2361 476
2361 477
2361 459
2361 1969
2361 456
2361 2358
456 1969
456 1970
456 2352
456 2358
456 2361
1970 2352
1970 456
1970 1969
1970 455
1970 440
440 1970
440 455
440 1973
440 2370
2370 440
2370 1973
2370 2362
2370 443
2370 471
2362 2370
2362 1973
2362 441
2362 438
2362 443
1973 2370
1973 440
1973 455
1973 441
1973 2362
2366 2420
2366 472
2366 470
2366 474
2366 1965
1965 2421
1965 4265
1965 475
1965 2420
1965 2366
1965 474
1965 473
1965 4267
4265 1972
4265 305
4265 475
4265 1965
4265 2421
4265 1082
443 439
443 465
443 471
443 2370
443 2362
443 438
443 2349
439 465
439 443
465 469
465 2367
465 470
465 471
465 443
465 439
469 464
469 466
469 2365
469 2367
469 465
2367 2365
2367 474
2367 470
2367 465
2367 469
1972 4266
1972 305
1972 4265
1972 1082
1972 1079
2421 1965
2421 4267
2421 1082
2421 4265
4263 4262
4263 1755
4263 1957
4263 1753
4263 314
1083 1755
1083 1079
1083 1082
1083 2422
1083 306
1083 1957
1082 1083
1082 1079
1082 1972
1082 4265
1082 2421
1082 4267
1082 4264
1082 2422
4267 4264
4267 1082
4267 2421
4267 1965
4267 473
4267 1081
2422 306
2422 1083
2422 1082
2422 4264
2422 1081
2422 2423
4264 2422
4264 1082
4264 4267
4264 1081
473 2419
473 1081
473 4267
473 1965
473 474
473 2418
474 2418
474 473
474 1965
474 2366
474 470
474 2367
474 2365
2365 2418
2365 474
2365 2367
2365 469
2365 466
2418 474
2418 2365
2418 466
2418 1971
2418 303
2418 2419
2418 473
464 2208
464 2417
464 466
464 469
2199 425
2199 4306
2199 2198
2199 2208
2208 2199
2208 2198
2208 2201
2208 2197
2208 2417
2208 464
4306 2198
4306 2199
4306 425
425 4306
425 2199
425 421
425 4299
2198 2201
2198 2208
2198 2199
2198 4306
2201 2197
2201 2208
2201 2198
2197 463
2197 2416
2197 2208
2197 2201
2197 2417
2417 2208
2417 2197
2417 2416
2417 468
2417 466
2417 464
2416 2197
2416 463
2416 2414
2416 468
2416 2417
463 1856
463 2195
463 287
463 2414
463 2416
463 2197
2195 1856
2195 463
2195 287
2195 2447
2447 285
2447 287
2447 2195
287 2447
287 2195
287 463
287 2414
287 286
2414 287
2414 286
2414 2413
2414 288
2414 468
2414 2416
2414 463
286 2412
286 2413
286 2414
286 287
468 2414
468 288
468 1971
468 466
468 2417
468 2416
466 1971
466 2418
466 2365
466 469
466 464
466 2417
466 468
1971 468
1971 288
1971 467
1971 2415
1971 303
1971 2418
1971 466
288 2413
288 2409
288 467
288 1971
288 468
288 2414
285 2410
285 284
285 2447
2410 284
2410 285
284 2410
284 285
284 1974
1974 284
1974 2406
1974 283
1974 2412
2412 1974
2412 283
2412 2411
2412 2413
2412 286
2406 282
2406 1943
2406 1944
2406 283
2406 1974
283 1974
283 2406
283 1944
283 290
283 2411
283 2412
2413 286
2413 2412
2413 2411
2413 2409
2413 288
2413 2414
2411 2412
2411 283
2411 290
2411 291
2411 2409
2411 2413
2409 2413
2409 2411
2409 291
2409 299
2409 467
2409 288
291 2411
291 290
291 4543
291 298
291 299
291 2409
290 283
290 1944
290 4542
290 4543
290 291
290 2411
467 299
467 302
467 2415
467 1971
467 288
467 2409
303 1971
303 2415
303 304
303 2419
303 2418
2419 304
2419 1081
2419 473
2419 303
2419 2418
1081 2419
1081 304
1081 2423
1081 2422
1081 4264
1081 4267
1081 473
2415 302
2415 304
2415 303
2415 1971
2415 467
299 298
299 2408
299 302
299 467
299 2409
299 291
302 299
302 2408
302 4255
302 301
302 1778
302 304
302 2415
302 467
304 1778
304 2423
304 1081
304 2419
304 303
304 2415
304 302
2423 1754
2423 306
2423 2422
2423 1081
2423 304
2423 1778
306 2423
306 1754
306 4254
306 1957
306 1083
306 2422
1754 1778
1754 307
1754 1956
1754 4254
1754 306
1754 2423
1778 301
1778 307
1778 1754
1778 2423
1778 304
1778 302
1957 1753
1957 4263
1957 1755
1957 1083
1957 306
1957 4254
4254 1956
4254 1753
4254 1957
4254 306
4254 1754
1956 307
1956 4253
1956 4147
1956 308
1956 1753
1956 4254
1956 1754
1753 314
1753 4263
1753 1957
1753 4254
1753 1956
1753 308
1753 4250
314 312
314 4259
314 4262
314 4263
314 1753
314 4250
314 4261
312 309
312 1958
312 4259
312 314
312 4261
307 4253
307 1956
307 1754
307 1778
307 301
307 4252
301 4255
301 300
301 4252
301 307
301 1778
301 302
4255 300
4255 301
4255 302
4255 2408
2408 299
2408 298
2408 4116
2408 300
2408 4255
2408 302
4253 4252
4253 295
4253 4248
4253 4147
4253 1956
4253 307
4252 296
4252 295
4252 4253
4252 307
4252 301
4252 300
300 2408
300 4116
300 296
300 4252
300 301
300 4255
295 4252
295 296
295 4251
295 4249
295 294
295 4248
295 4253
4147 4253
4147 4248
4147 4117
4147 4250
4147 308
4147 1956
308 4250
308 1753
308 1956
308 4147
4250 308
4250 4147
4250 4117
4250 4261
4250 314
4250 1753
4248 295
4248 294
4248 4117
4248 4147
4248 4253
4117 4250
4117 4147
4117 4248
4117 294
4117 1959
4117 4260
4117 4261
4261 309
4261 312
4261 314
4261 4250
4261 4117
4261 4260
4261 2749
294 295
294 4249
294 1959
294 4117
294 4248
1959 294
1959 4249
1959 1752
1959 4260
1959 4117
4249 295
4249 4251
4249 1752
4249 1959
4249 294
4251 4245
4251 1752
4251 4249
4251 295
4251 296
296 297
296 4245
296 4251
296 295
296 4252
296 300
296 4116
298 4543
298 1945
298 4116
298 2408
298 299
298 291
4543 4542
4543 1945
4543 298
4543 291
4543 290
4116 297
4116 296
4116 300
4116 2408
4116 298
4116 1945
1944 4540
1944 280
1944 1942
1944 2407
1944 4542
1944 290
1944 283
1944 1943
1944 2406
4542 2407
4542 289
4542 1945
4542 4543
4542 290
4542 1944
1945 4542
1945 289
1945 4244
1945 297
1945 4116
1945 298
1945 4543
2407 4542
2407 1944
2407 280
2407 4115
2407 289
289 4115
289 4244
289 1945
289 4542
289 2407
297 1945
297 4244
297 293
297 4245
297 296
297 4116
4244 289
4244 4115
4244 292
4244 4246
4244 293
4244 297
4244 1945
4260 1752
4260 310
4260 2749
4260 4261
4260 4117
4260 1959
2749 1961
2749 309
2749 4261
2749 4260
2749 310
1961 309
1961 2749
1961 310
1961 33
1752 311
1752 310
1752 4260
1752 1959
1752 4249
1752 4251
1752 4245
1752 4243
310 1752
310 311
310 34
310 33
310 1961
310 2749
310 4260
33 30
33 32
33 1961
33 310
33 34
34 1842
34 274
34 311
34 310
34 33
311 274
311 34
311 310
311 1752
311 4243
311 4148
4245 293
4245 4243
4245 1752
4245 4251
4245 296
4245 297
4243 771
4243 4148
4243 311
4243 1752
4243 4245
4243 293
293 4246
293 771
293 4243
293 4245
293 297
293 4244
4246 292
4246 771
4246 293
4246 4244
282 1756
282 2405
282 1943
282 2406
1756 4706
1756 4530
1756 2405
1756 282
2405 1756
2405 4530
2405 4529
2405 281
2405 1943
2405 282
4530 4529
4530 268
4530 2405
4530 1756
4530 4706
4530 2998
268 261
268 4529
268 4530
4529 261
4529 281
4529 2405
4529 4530
4529 268
261 4541
261 2961
261 281
261 4529
261 268
1943 2405
1943 281
1943 4540
1943 1944
1943 2406
1943 282
4540 1943
4540 281
4540 1942
4540 1944
281 4529
281 261
281 2961
281 4539
281 1942
281 4540
281 1943
281 2405
4541 2424
4541 2961
4541 261
2961 261
2961 4541
2961 2424
2961 1940
2961 2962
2961 4539
2961 281
4539 2962
4539 4247
4539 1942
4539 281
4539 2961
1942 4539
1942 4247
1942 280
1942 1944
1942 4540
1942 281
280 4247
280 4115
280 2407
280 1944
280 1942
4115 4544
4115 292
4115 4244
4115 289
4115 2407
4115 280
4115 4247
4247 2962
4247 279
4247 1941
4247 4544
4247 4115
4247 280
4247 1942
4247 4539
2962 279
2962 4247
2962 4539
2962 2961
2962 1940
2424 162
2424 2960
2424 2959
2424 260
2424 1940
2424 2961
2424 4541
1940 2424
1940 260
1940 4538
1940 279
1940 2962
1940 2961
279 4538
279 278
279 1941
279 4247
279 2962
279 1940
1941 279
1941 278
1941 4545
1941 4544
1941 4247
4544 276
4544 4242
4544 292
4544 4115
4544 4247
4544 1941
4544 4545
292 4544
292 4242
292 771
292 4246
292 4244
292 4115
4545 1941
4545 278
4545 4537
4545 276
4545 4544
278 4538
278 277
278 4537
278 4545
278 1941
278 279
771 275
771 4148
771 4243
771 293
771 4246
771 292
771 4242
4242 276
4242 770
4242 275
4242 771
4242 292
4242 4544
275 4242
275 770
275 273
275 1960
275 4148
275 771
4148 1960
4148 274
4148 311
4148 4243
4148 771
4148 275
