1
2
3
4
5
6
7
8
9
10
11
12
13
14
15
1248
572
4407
2099
4409
4408
2100
4410
2101
537
535
4412
536
2026
4415
1780
1072
2445
2430
2431
2436
2437
1045
2438
1042
1039
2439
1036
1037
1038
2440
1035
1034
1041
1044
1040
1043
1047
1046
1052
1051
2435
1054
2103
2102
2446
1059
1061
1067
1070
1069
1073
1080
1078
2427
206
4554
4555
231
4556
1851
227
4787
229
230
4150
4548
218
224
4558
232
228
1747
225
226
1749
4546
223
1748
222
221
4788
216
4553
208
207
1745
4552
215
4551
219
2754
217
4789
1746
209
2989
210
211
2987
212
213
2988
214
4557
2755
2751
2990
4550
220
4549
4547
1750
4378
4118
375
376
4377
374
4120
4379
4119
4380
372
4121
373
370
371
1979
1978
369
253
4110
4365
4364
252
251
250
4363
249
248
4362
4361
247
246
244
245
4368
233
4373
4130
4374
4371
234
235
236
238
1860
242
4369
4366
241
239
237
240
4370
4372
4375
243
4376
4367
4785
1861
4560
333
4559
2986
4735
1247
127
126
4736
4737
125
2982
124
123
2984
122
2983
1934
1933
4734
121
2985
4733
4732
118
120
4731
119
2976
117
115
2980
2977
2978
116
4730
114
170
169
171
172
4384
4385
168
167
1879
177
4386
173
174
4111
178
4387
194
176
4694
4695
197
175
196
2753
4112
200
198
4696
201
102
180
195
4697
4389
4776
4388
184
199
4391
179
202
190
183
87
89
182
185
191
4777
186
2991
204
4727
1875
2992
101
2981
105
104
2979
1862
4728
113
2432
112
103
106
205
203
4390
4392
1877
4769
88
90
1743
91
1865
96
181
192
4764
4719
4720
109
108
4729
1774
111
4738
110
107
4739
1871
1867
4758
1768
73
1873
4722
166
4740
4721
193
187
165
1880
1870
1869
72
1868
4710
4712
4765
189
4766
4383
97
98
99
4381
100
4382
1984
4142
4149
1983
4141
1775
44
54
1874
55
1931
74
92
94
1866
188
75
4767
80
93
1744
4768
95
4770
2974
1742
1878
2956
86
2975
85
45
2996
1857
46
47
4745
2994
1858
2993
4749
50
51
4786
53
2973
56
69
84
1760
1761
4714
4713
68
1872
70
2971
4775
4691
2429
1074
2428
1068
1064
2433
1071
4690
1075
1076
2441
2369
4689
2357
479
2354
4688
4687
2434
480
1065
2443
1062
2442
1055
4145
24
23
2752
20
21
18
4114
315
4151
1777
4113
25
1776
4144
17
22
1763
4257
1955
4256
4122
4258
1755
4262
4259
1958
4129
1964
1963
1077
1962
305
2444
4692
1966
475
2420
472
2353
2359
476
4686
478
4685
2358
2352
2351
471
470
1079
4266
2361
456
1970
440
2370
2362
1973
2366
1965
4265
443
439
465
469
2367
1972
2421
4263
1083
1082
4267
2422
4264
473
474
2365
2418
464
2199
2208
4306
425
2198
2201
2197
2417
2416
463
2195
2447
287
2414
286
468
466
1971
288
285
2410
284
1974
2412
2406
283
2413
2411
2409
291
290
467
303
2419
1081
2415
299
302
304
2423
306
1754
1778
1957
4254
1956
1753
314
312
307
301
4255
2408
4253
4252
300
295
4147
308
4250
4248
4117
4261
294
1959
4249
4251
296
298
4543
4116
1944
4542
1945
2407
289
297
4244
4260
2749
1961
1752
310
33
34
311
4245
4243
293
4246
282
1756
2405
4530
268
4529
261
1943
4540
281
4541
2961
4539
1942
280
4115
4247
2962
2424
1940
279
1941
4544
292
4545
278
771
4242
275
4148
